1
16
64
81
256
512
625
729
1024
1296
2401
4096
6561
14641
15625
16384
19683
28561
32768
46656
50625
59049
65536
83521
117649
130321
262144
279841
390625
531441
707281
810000
923521
1048576
1500625
1679616
1771561
1874161
1953125
2097152
2825761
3418801
4194304
4782969
4826809
4879681
5764801
7890481
9765625
10077696
11390625
12117361
13845841
14348907
16777216
20151121
24137569
25411681
28398241
35153041
38950081
40353607
43046721
47045881
47458321
60466176
62742241
67108864
88529281
104060401
112550881
121550625
131079601
134217728
141158161
148035889
163047361
214358881
244140625
260144641
268435456
282475249
294499921
352275361
373301041
387420489
418161601
492884401
519885601
594823321
607573201
705911761
729000000
777796321
815730721
887503681
895745041
1026625681
1073283121
1073741824
1330863361
1387488001
1506138481
1568239201
1838265625
1944810000
1982119441
2176782336
2357947691
2385443281
2472973441
2562890625
2565726409
2655237841
2750058481
2947295521
3262808641
3373402561
3486784401
3969126001
4294967296
4362470401
4750104241
4784350561
5236114321
5393580481
5887339441
6103515625
6234839521
6321363049
6414247921
6975757441
7370050801
8589934592
8882874001
9354951841
9597924961
10098039121
10460353203
10604499373
10779215329
10884540241
12003612721
12897917761
13841287201
14498327281
14835483601
15527402881
16610312161
16983563041
17179869184
18141126721
19356878641
20632736881
21517662721
21970650625
22164361129
22898045041
24840596881
25856961601
25937424601
27982932961
30517578125
30821664721
31381059609
31414372081
34507149121
35152125121
36469158961
37141383841
38443359375
38513670001
40642963201
42180533641
43617904801
45165175441
45954068161
47562811921
51520374361
52643172481
56249134561
58120048561
62001498001
64013554081
67122964561
68719476736
73680216481
74818113841
78310985281
78364164096
85662167761
89526025681
90458382169
96254442001
100469346961
104821185121
106302733681
110841719041
118587876497
118727795761
123657019201
128100283921
128738157601
130466162401
135754665601
137858491849
141202341361
144924114721
146812351921
151334226289
152587890625
158532181921
168823196161
170940075601
175233494881
181824635281
188599986961
190899960241
197926222321
205144679041
208422380089
210065472241
217611987121
227988105361
241474942801
243087455521
252688187761
267248675521
274877906944
279342903841
282429536481
288679469521
298248146641
304758098401
318097128001
322687697779
326940373369
328385156401
335381132641
349707832321
357040905841
383617958161
403490473681
428345379361
432596913841
454331269681
458774574241
467758877041
470184984576
472300192081
495504774241
496981290961
500246412961
529414856881
539415333601
544468370161
549755813888
554680863361
576650390625
591559418641
602425897921
607914936721
619005459361
653188856401
656100000000
676751377201
678223072849
688768866241
713283282721
744839767681
770829564961
784076601361
804266382481
824843587681
832972004929
852891037441
874391437921
888949151281
911125611841
933714431521
964483090561
988053892081
1004006004001
1036488922561
1053022816561
1061520150601
1078193566321
1086683238481
1099511627776
1129886087521
1138678933921
1165365589441
1194052296529
1210882360801
1220143369201
1267247769841
1276829940961
1305902703121
1340095640625
1396105301761
1416768858961
1427186233201
1448193221281
1480137458881
1500730351849
1512607274161
1556727840721
1590446354641
1624709678881
1677100110841
1730827040881
1755097689601
1767328289281
1779622700625
1801152661463
1829442899761
1880301880081
1945358247121
1985193642961
2015993900449
2025637716001
2080520644801
2081951752609
2164926734161
2193624625921
2237205241441
2251875390625
2281432014481
2296318960321
2341417168561
2433603120001
2512481776561
2541865828329
2659277071441
2675975777281
2709608995921
2760652033441
2777825555761
2821109907456
2829827119681
2864898145201
2882555400481
2918114646001
3026768337121
3045168091681
3100870943041
3138428376721
3431093087041
3491998578721
3512479453921
3553711346641
3637263079921
3814697265625
3830635754401
3941340648961
4100337455041
4146635796241
4169931445681
4195872914689
4216817073121
4287885459841
4384036128481
4398046511104
4432713370801
4457203441681
4531282799761
4682207873281
4747561509943
4810832476321
4836872105521
4889268346561
4915625528641
4968659444401
5049013494001
5053913144281
5212641500641
5295931061521
5380214781841
5494153169521
5668441960801
5757125158801
5816822652481
5907237891361
6029426229121
6091226377681
6131066257801
6216250684081
6279479680321
6504586067281
6569999366401
6611856250609
6669042837601
6702304832161
6769201929361
6870484987921
6904497224881
7007291942641
7181161893361
7212549413161
7538588431201
7625597484987
7648371893761
7722224074321
7759350084721
7984925229121
8215383330001
8293299876481
8332465333201
8530377503761
8550986578849
8772502109281
8813351875441
9019744817521
9187452028561
9314758936081
9443384314081
9573337234561
9660714532561
9971252437441
10106606869921
10197605570161
10243334671441
10520947447201
10756569837841
10942526586601
11044515642241
11239665258721
11637711365281
11688200277601
11853911588401
11994592349041
12150027804721
12254487410881
12306969080641
12412437950641
12465425870881
12732914759041
13059557667601
13225215949201
13392445265761
13903658595121
13961350047121
14429369557201
14488688572801
14507145975869
14976071831449
15153339067441
15338510106481
15588038452561
15777173258401
15904215784081
15968023992001
16096216216081
16354914662641
16550975387521
16682658282481
16881653995441
16948379819281
17284980865441
17592186044416
17764614906481
18113272128961
18324914739121
18753758574721
18755369578009
18825957754321
18970981313761
19043806494241
19411082451601
19683000000000
19858796855041
19934162223361
20544834434881
20622143227921
20855379099361
21011965022161
21090587817601
21487016597281
21691961596369
21808162146241
22543893337681
22876792454961
23298085122481
23553637597681
23725169980801
23811286661761
23984223122161
24332920331281
25041707380561
25131382160641
25311454040401
25674499134001
26412291425521
26439622160671
26505620986321
26693021907841
26808753332089
27070803167521
27356759876161
27644976106801
27838381411681
28424689653361
28473963210000
28523300799841
29625040666321
29930976588241
30033479838961
30342569711281
30549950894401
30863013591601
31602847532881
31923957716641
32139386443921
32247508758721
32573512997041
32792218149601
32894113444921
33122338550401
33232930569601
33790050552241
34127667088321
34467807323041
34925275077121
35161828327081
35184372088832
35271352782961
35503495827361
35853856620481
36562351115761
37040479315921
37402141201441
37644716109841
38503030216561
39250337770081
40391630304481
41036336333521
41426511213649
41557633003441
41820135988801
42216219754801
42348870775201
42748699986001
44239006840081
45068141784961
45207455875201
46333628948161
46904541018721
47191967468881
48062176770721
48551226272641
49092569678881
49838644003201
49988873418961
50290350881761
50897394646081
51356271336241
51682540549249
51818243883121
52127952360961
52283326179841
52595115558001
53065411729201
53697370966801
54015458929441
54175031816161
54655872347521
55464377448481
55627148806321
56446386112561
57108264114001
57441377422081
58451728309129
58618761251521
59470764169441
60505388947441
60679130081761
61202599057681
61553455051201
61729447662481
62103840598801
62259690411361
63151010391121
64414894240321
64779462947761
65329214857201
66067651496401
66625573677601
66999479873041
68701569626881
69468374283361
70368744177664
70435885826881
71021222453281
71610199722961
72401192014321
73399126194241
74610224073841
76042045003681
76454895334801
77077320038161
77703537431521
77913122039281
78815638671875
80892053988001
81108054012001
82194549986641
83071576438321
83512712283841
85070535710161
85519603877761
85766121000000
86423071552801
87791671617841
88245939632761
88482035307121
89874969418081
90342914902321
91048256370241
93429255506161
94637116441921
94880087090881
95367431640625
95611806740641
96840734511361
100091400875761
100598673352321
100853031438721
101559956668416
102389324175121
103164019266961
103682919315361
105251369305681
106042233977761
107103643129921
107637325775281
108710671926481
111703782138001
111978914476081
112530703586401
112807361608561
114478037712481
116507435287321
118448417326801
118735913353201
119601542190001
120471895488961
121346990409121
121933029744241
122816065582081
122978496247489
123111473904721
124895130571201
125493967403281
127303403660161
127606868135041
129132336776881
129439064282641
129746337890625
129961739795077
131912598473041
132224264252161
134737515307201
135689159747761
136821750708889
138897750969121
141505323151201
142822791820801
143484965347441
143816914232161
144215816802121
144482539567921
144816217349521
146830437604321
148524943300561
149891073486001
151957912148641
152999310365521
154746857593441
155098155653281
155802545803921
156863626279441
157218521219761
158286819901681
160005726539569
160079404758001
160439740923361
162614549665681
164443716720721
164811393976321
166659037303201
167775053745601
169271783181601
170400885105361
171156751470721
172295262524641
173822101273921
174973872717361
176131358559601
179246068134961
181609071490081
182005165283041
182799296268241
185599234557361
186374892382561
186809002860481
187618794154801
189246272135761
191295482183521
191707312997281
192946795899841
194192279513521
195443783174641
195930594145441
200084448104641
201364301903521
201792281140321
203942419667281
205891132094649
206981424148801
207855915349681
209172844170481
213161197201681
213607841778241
215851602388321
219022506749281
219934861700401
220392106580881
222689034627361
225934839014641
226868693989921
228745085711041
233009509093201
233965199238241
235404242866321
235885395990721
236849914625041
238302234835681
238787822523121
241716951468001
242699289858481
247655970193921
250058907189001
253195594718641
256256096016001
256768864432081
257796709490401
259344259180561
260898765874321
261418484370481
262982299459441
268776384148801
269307825181201
270906877644001
275205836670241
276831063574081
279009217337761
280103101710961
280651248517201
281474976710656
282300516843601
285620849903041
288136807515649
290093418272641
290656159946881
291784099092721
293482159205041
297473117213281
298620829861201
299195929992961
304409289234241
310873353823201
311466057856801
314442301015441
316238254381921
316838611601521
319853229882481
320458725652321
323499109738561
324109773296401
327176069584081
327381934393961
329026259524561
329644729766641
330928743953809
332750169756481
333373881243841
336505601239921
338395192861441
340927013995681
350548070339041
353799885965761
354452954340241
357731868267601
360371335935601
362360501421361
365694062750641
371752372136161
373788436964881
377885645796961
378890468381881
379749833583241
382016445748081
382708191059041
388976256795361
391082621604481
392491609582801
394612225792801
396109944105121
396741423620161
403180738168321
403901025149521
406067677556641
407516947328401
412619959676401
414821573074561
416294202017521
417031985092321
418510492785841
420707233300201
427464267193681
428216844946801
432753201003841
435034847385121
441163353124321
444251774352961
446578710143281
448914775136881
451729667968489
455977983956881
462326070129361
463124215943041
464723607387601
467130457466401
467934814503601
470354119147201
472782792857761
476837158203125
476851468151041
479305244227681
484241194041361
489215169367681
492309163417681
496747856441281
497590158679441
500123493360481
501817748861521
502592611936843
509495229144001
512073858644401
512935572982561
513710701744969
523361201113921
525114136406161
525992253499441
527751791176801
530399370220801
531284106259201
536615788770961
538401901773121
544688429550721
558344810921041
562953493142881
565732361546641
571320949187041
577893185069281
580727147154961
582622237229761
585473564226721
590490000000000
591207602487121
592167354891121
594090364812961
596983656696001
600857802784801
603775763278801
608662632445921
609643555103521
611608956871441
618525306088561
621507343142401
624500149980001
626501350540081
627503752500625
629512164586561
630518176634641
632711491215049
635566335414481
636579593619841
644729338693441
645753531245761
650892809785201
655026269697361
664398515813041
666494821866721
669648577349761
675989652039601
677050860080401
680241981939601
683444370987361
686658053713921
701805347408881
705083529521281
712777277056321
714987009256081
719421883405681
721647041253121
724994451369841
729475763598481
736236644609761
746465946897841
748753525216321
749899284035521
752194746016561
766078382090641
773091832911841
776616562001281
777794145659521
787263092287681
790836141432481
794421339201361
802834199880241
806460091894081
808884167110321
817411486787281
819628286980801
819860199506401
837201991720249
838401348535921
842146992813361
845905173633601
849675918938401
854723172451201
858523343723761
861063821644321
862336172844721
869999916969121
873850888218961
876425295279361
877714629810001
881591169943201
895915105649281
899851746105841
901166837952481
903801345497521
904820297013361
915728181522001
917060634094081
919729901048401
927772672528321
929118245436481
933163747057441
935868077825521
940299110504209
953589778302001
957714890286961
961853371365121
964619800272241
970170556248721
977142648636961
999706081460641
1011133218419041
1012568467616161
1014741853230169
1016883383954881
1019767646307601
1021212076175281
1024105538719201
1025554573566961
1032822827028721
1043063201727121
1047475165407841
1050424240242001
1056341066962801
1063772210101441
1068249673759921
1083276693622561
1086301020364561
1087815556238401
1092368667102001
1106113787207521
1115348988779281
1118440201861921
1119130473102767
1124641900133761
1125899906842624
1132430249863201
1135573198803289
1137122634120001
1141829585958961
1148128234489681
1152869294537041
1162395449154241
1165583914141201
1170378905061601
1171980518108401
1176795221193601
1180013254445041
1184852673612721
1186469116315921
1194576152894881
1196202532717921
1209273431102881
1214202528377281
1230741742361041
1234069755990241
1235736291547681
1244094302301841
1255866657127681
1279661811514321
1284804451300561
1302058592234401
1305530167958641
1315127813325481
1321238242043281
1328264921546161
1333553295586801
1337087640631681
1342402324938481
1354864862463121
1360232428806241
1365615927886081
1374623917998241
1376430850278961
1385492247284401
1396424896575361
1403749187822881
1412945024683921
1414789600188721
1424039583129601
1431472166709601
1442675547839761
1452061824953041
1464803622199009
1474775739090481
1476680518615201
1480495612429681
1488147972463441
1493906680885921
1497755094107281
1505474221794481
1517108809906561
1522951327450081
1532726336702401
1538613883078561
1544518374730321
1546490309844481
1552417445731441
1562333846324161
1574296150114801
1576296526165201
1586327016495841
1592368242351121
1598426706948241
1604502443050081
1612630347989761
1618746511855201
1628413597910449
1628978758850881
1635141345008161
1637199420707041
1643385305838721
1649588703686641
1655809647272881
1666216966901041
1674578083148881
1699850313436081
1706212815456241
1729694911339201
1731841600390801
1745729089577929
1751251839857521
1755587290273441
1764282335296321
1775196514552561
1806976738085401
1808243034480481
1817132828321281
1837254685777681
1841748809191201
1843998960192481
1848505447074001
1853020188851841
1855280658474961
1862074477401121
1864343224597681
1871161906511041
1875718074012721
1896323877333601
1905536303697601
1919417828167921
1934854145598529
1940382148953361
1959160850483281
1966237884282961
1968601150704241
1982825517887041
1989966538939681
2001911082483841
2004306429009361
2016315421366801
2018723680783681
2025961404083761
2038067503691521
2055107091557521
2059995109834561
2089506583076641
2091980103472561
2111847411335281
2114340737405521
2126840500817761
2129347089232801
2140753641621841
2141913281694481
2167212440982241
2172299045669041
2174845703128081
2179945734832321
2190172702116961
2210734546365601
2213314919066161
2218482440391361
2226250681951921
2228844623630881
2244455908224721
2251799813685248
2252292232139041
2265398349632401
2275924358809201
2281201097610241
2289133403422321
2329105685334481
2331788986537201
2345240287037761
2347937515381441
2356043160949921
2361458571815281
2369599185603841
2377760828519521
2384185791015625
2388675793594561
2396886645244081
2402372294028001
2418885747544561
2427174326182321
2438258877655441
2443410216924769
2454956837245441
2460541835614801
2480164401960001
2497076954919121
2511236698042081
2545465754906881
2554077415970161
2571366272066881
2580043540868641
2582940838214881
2614972416513601
2626693804140961
2653210974030241
2668029206514961
2676949887084001
2693103168443689
2697851794840801
2703846186187441
2706847125062161
2715864931109521
2730944655750481
2743053578440561
2752161662180401
2758246306342081
2758547353515625
2767392182908081
2813463205483921
2835158772871681
2850732253278001
2853854632233361
2872642803955681
2888370348960721
2891523591406321
2916842568855601
2920019091914401
2948724689269921
2963706958323721
2977641413637361
2987327417289601
3016527251172241
3026307931348321
3045940625581681
3052506034761121
3082181813794801
3092121655708801
3095440272695761
3125428172769841
3132121631860321
3142181971618561
3145540797584641
3156404426880769
3162375337470001
3175891547792401
3192847684973521
3203053902789841
3213284569877281
3226963558964161
3233819407955761
3244123657069681
3247563872734801
3256599688890625
3264806010987361
3268262660775841
3289060236408241
3296014768643041
3299763591802133
3306467238568321
3316944549312241
3320442513204961
3341488431860881
3348525919869601
3373244698688881
3405226779371041
3412364681871601
3423092568854401
3459034957500721
3464955073649161
3466257264755041
3480735803013121
3491624436420961
3498897704493361
3513478323709201
3520785698491681
3546451304263921
3557493697483441
3564869605227841
3590775636532561
3613092962962081
3620555137760401
3624290556730561
3656158440062976
3680669440327441
3688236020260801
3733880785929121
3745357870050241
3756861392284081
3779947913400961
3803140674212881
3830333604516721
3842032247888641
3849846217142641
3853757668406881
3861589511772721
3896980630491601
3908831551381201
3915101633817529
3932614460934721
3936588805702081
3937376385699289
3948529915854241
3960498171735121
3968492110248961
3992546545933201
3996566224996801
4020748076978161
4081682805026401
4114463127334561
4118574506606641
4130927133299521
4157825282402401
4176457964521441
4177248169415651
4205627427954481
4218175288245361
4239150758955121
4264424473158721
4277103625385761
4281336285750241
4289811030229201
4306798257692401
4328103179999041
4340924015004721
4353773312630641
4405455971684881
4435815880890241
4448875192612321
4457597405788081
4475080301473681
4501401006735361
4503599627370496
4541099550557761
4563267434945521
4567710732995281
4589975915908321
4594438702079521
4603374036652561
4616801467808401
4661771806654561
4675326743602321
4681013008649041
4684379775915841
4716168957548161
4725281224343761
4729842306274801
4738974375163681
4771040786343841
4784833234455121
4808584372417849
4812507821362081
4868216966666881
4891571287773361
4905624152905921
4924408380908641
4947964466049361
4952685805853041
5023912167552721
5033466734531041
5047824129937681
5052616746861121
5081444155494001
5091080647572481
5124916338967441
5139468860827921
5222519433534001
5252070336226561
5271840488568481
5286704691253441
5311548185576161
5316527372659441
5326496248156801
5376551078850961
5401710376476241
5411082280083481
5421901305540721
5462452920911281
5467537819725601
5493015585644161
5528833919864641
5539099826666641
5544238137848881
5554525484058721
5559060566555523
5567914722008521
5575143118268161
5590643970230881
5632137612809761
5647757120736721
5668633640928241
5679093577977121
5700056872635841
5710560256926001
5726342542105201
5747436448798801
5763295082144161
5779186511363521
5811067938190321
5827058026258561
5837736402616561
5853781477180081
5869859604070081
5891348599724641
5939914532447281
5950747612105921
6005135446710481
6016057595436001
6048913448607121
6054402480421681
6081903696606721
6098449333019761
6103972039782241
6131641859649601
6164969697017041
6170537517567361
6181684471968721
6237645952755361
6254508243531601
6339333093965041
6356401066615681
6367798846683121
6390640384473361
6410082527866081
6419278656400801
6453771512366161
6471069974447521
6476843848703281
6558084485964001
6563916486036001
6581435826350401
6590636786811169
6593134853930641
6598990213120561
6645973604711281
6681375449981761
6687289479670801
6705055127128801
6734743171761361
6758564501619121
6830407763130961
6866543424722881
6884664928202161
6939244695932641
6957509861832721
6964478817623209
6969706654983361
7012521752121601
7030931337721201
7043224516014241
7080200787557041
7104932389959121
7123523568138961
7157924635221361
7160815355803201
7173278427553681
7192003529873761
7229563690439281
7248398844225841
7286179537892641
7292490650158561
7343127261818401
7406793322927441
7419576050315521
7425973614979921
7458023519302801
7515974649267841
7541838824625121
7554795916152241
7558269224026249
7600277251025761
7613309552826961
7619831985139201
7639424429247601
7711586804240881
7731355869440641
7777631491556161
7797527362424881
7817461380455281
7837433594376961
7850769647675761
7870805629788721
7877492804968081
7910992620825121
7917705384657121
7931143727466961
7937869310067841
8012133369691441
8018910390560161
8032477329079921
8052860006077441
8073281449776481
8114240833804561
8134778872474081
8182852572092641
8193662024284801
8217321153612481
8258827060291921
8279638877935441
8307449123653681
8321380489003201
8447552693903761
8497005096998401
8539565406633361
8560905418075921
8575154295332641
8596560952604881
8603705403457921
8646665671527601
8662995818654939
8668206036446401
8711407478076241
8769260353860241
8776512171007681
8812838745711841
8841981103812481
8922495313199521
8929841953661281
8974017115601521
8996166057230641
9010954778750401
9033172039086001
9100070373815521
9107526391756321
9109555799784049
9152358761897521
9174836914466161
9189845334869761
9212392481101681
9234981091218481
9265163825229841
9287849382033121
9333345446596081
9348547879276321
9371386340658241
9417188774924401
9440152849881601
9447816866414161
9493899009362881
9540149522868721
9555603847167361
9598548249896761
9609841884099601
9633157300525201
9695539173833041
9719010308971681
9726843482307121
9766080396957361
9797555300725201
9851127637605409
9868651963705921
9892436613211441
10028029413722401
10036048629166561
10148823427994161
10156914975073441
10246241693085841
10270705450671121
10278869763027121
10319764360510081
10368998811414961
10372926089038969
10377221649085201
10401919508019601
10418409221630881
10451447457047041
10542707818380721
10567700398061041
10576041124094161
10617818837925601
10651330026288961
10668115335791761
10693330488090721
10727020190826241
10743894862923121
10794638349768001
10828567056280801
10871090339359441
10922283455653441
11008006843064401
11025211891018081
11051057268232081
11076948059020561
11111539848641521
11128866094020481
11137536811251841
11207085078517441
11259459644581201
11268206553972481
11312017569804961
11347158263887681
11391199191252721
11400022737850321
11417685208037761
11444217385567201
11506305614967601
11559724876177921
11658143031440161
11694086792918401
11694146092834141
11712089809763281
11820544823184241
11829616614649681
11847775861605121
11938885897813681
11957170777624801
11966321089643761
11984637467948161
12048910422765841
12078502137213121
12094977701254561
12150432661458001
12159693661542001
12215370885802561
12289904346545281
12299244953645521
12430573319535361
12468288125697121
12572446412940241
12610483474295281
12629534338202401
12658151096385601
12667700813876161
12686816458221361
12753891625730641
12773104715821921
12811596010799041
12869495985327601
12898519456579201
12927591990785761
12947000964742321
13044373862856961
13063914162945361
13152117321347761
13161945168721441
13221027968287441
13250643849096481
13270415392949521
13300114184906641
13340550994697809
13369605210286081
13422659310152401
13459350520542481
13509403834061521
13549546895155441
13599851451796801
13761767722134721
13792287247043761
13843265892593281
13873920833936881
13904626659530161
13914873252065041
13945647010872721
14011639427134441
14027959930416721
14058921022043041
14069252765882161
14131362864917281
14162494917450961
14308458507684961
14318927472681841
14371358496121201
14413406879110801
14497780388479441
14529515758710481
14571910597360561
14603767558910401
14656978535188081
14753124573678481
14774554437890625
14785278120583441
14892836307091681
14946834933048001
14957652254793361
15011826963063121
15022679539495681
15087918620086321
15109712125421761
15142446640513201
15251945944515361
15273916872360721
15284911233529921
15351002096503921
15438435003747001
15450539968640401
15506047511004961
15517166942262241
15572853830320081
15584009169293041
15606337825758241
15718341236550481
15808377150614161
15955509793244641
15978236412692401
16023762478170001
16057970818562401
16080806788034641
16149460850919841
16183870201337281
16196005304479729
16229834834384161
16298965278094801
16368316331115841
16403074732611121
16426277734531681
16472757578830081
16601085820730401
16612789088390881
16677181699666569
16706638135813921
16789081734690721
16848156560601601
16883676203714401
16954883947668241
17026316696135041
17109939915090961
17145872573178001
17169859101048481
17181861798319201
17290169469583921
17314307212313281
17386872095585521
17390284781428441
17423239952288641
17435375239972561
17471819140258081
17508320142742081
17605935769144321
17654896367449441
17790064611118801
17802391002211201
17975633952244081
18014398509481984
18025363349927761
18062728056727201
18087670112987281
18212768083086721
18237865339664881
18313312755702721
18464909604151201
18502955421773761
18591957623724241
18617445694869121
18668500447863841
18732466469293201
18745279373386801
18848019381271921
18860891512871521
18938262814882321
19015871918006401
19237060029757441
19250130904115281
19276292634349921
19315585217431441
19394350563487201
19433823448752001
19473356557086961
19526161154353681
19565835021329041
19592317832898721
19605569315572321
19645364098410241
19805149343331361
19831874682324721
19925626416901921
19965907319991361
19999831641819121
20033177837654881
20073621656225281
20114126681166961
20208876777569041
20236009611582241
20276760079527121
20317572062757841
20331189737925361
20413039597375681
20454057078617761
20464923860814889
20522556874955521
20536277454035281
20604983574898321
20646289910572561
20784426352466401
20812136607902641
20992929249218161
21020847695033761
21034817355754801
21076768116916801
21231124629139681
21245198957214241
21414637272833281
21442975222508401
21485534869143601
21499735486550161
21528157838103361
21570844192165921
21611482313284249
21742224716097601
21785228938436401
21842667098437201
21871428733386241
21885820197767761
21914624432020321
21936950640377856
22131563460042481
22175143814677681
22233351034807441
22350109171221841
22437979098920641
22452649238410561
22526107869174001
22540821198448081
22614495989806561
22658787465346321
22717943932123441
22747565564807521
22806895723069441
22896108475789201
23015465634663121
23060344657356241
23105289281986081
23210415550423201
23240517406631281
23436893778494641
23467215623036641
23482387573808881
23573573827208161
23649765018609601
23710850827524961
23741438069639761
23802701324500081
23894818419501121
23925583450902961
24033495060814801
24079854465568801
24203807453881441
24250412974644481
24312658327678561
24343825901056561
24390633436150081
24437508438850081
24500113504064641
24547146183233521
24625684422181441
24720178905763441
24735954386375761
24783326133529681
24830765889240481
24957604885617121
25021206299303041
25068987074308321
25071688922457241
25116836248692241
25212740056610401
25292869470857041
25308918245397361
25357110395983921
25502099857425361
25534403993804161
25582917730598881
25631500564331281
25680152560578961
25777664303086081
25793943219095041
25924452276939841
25989892212288481
26039053407031681
26121143675696161
26186955515993281
26335486796258641
26368579369634401
26484649029620401
26534510294200561
26584441929064321
26684516574389521
26768127716921761
26786992617986329
26835157974988801
26919122735571361
27020140362997681
27037004235390241
27087643218064081
27189134549820961
27206534396294947
27290910813752881
27597954528995041
27632229714843601
27683702342408401
27752444334241201
27786863298354241
27838551760534321
27855797262114721
27890312301437041
28046027066409361
28150198532083681
28202392952933761
28272098378461921
28324462183015441
28376898692622481
28411896790607521
28569789014052001
28587373127404081
28622565703838401
28640174171914561
28852110115909921
28887546801830161
28940763023782801
28994052737512801
29118681584196961
29192926025390625
29387095987369201
29441000765607601
29476978460354881
29531006816666161
29639286309530881
29693537582060641
29862844376368249
29874913172144881
29911287767337601
29984136596436961
30020610870755761
30093659240008081
30148532939622241
30203481648837121
30240155827386961
30516277815649921
30534752934125521
30627254391486481
30738533378494561
30812887647072001
30906020080768561
30980677904597521
31205463097763761
31261850006623681
31374853039329361
31412588707368961
31544931660527041
31582820621544721
31639718047073761
31658700928224241
31845668436881209
31925359192002721
32059318255447921
32212930046792881
32232170261306401
32347792607916241
32405720292460321
32444381948344081
32638209395151361
32735448146218801
32793895591540801
32852421268112161
32911025245709521
32989285804761841
33087307682890561
33205222093446001
33343186920166561
33441996118797841
33580697738636161
33739741688748481
33879367982853121
33937011715960081
33979366049435041
34119735034908961
34180026114371281
34341192980985361
34401777252619921
34482680934326641
34543452276798721
34659049592086921
34705901915630401
34909768916916721
35012038568431681
35032519432797121
35094015941292961
35135058569397361
35155593378066001
35196689997780481
35320196065295761
35340811967893441
35444026887437281
35464696971091441
35526761468964481
35755028478180001
35817473571992401
35838306768226561
35880000423988561
36068072242553521
36151896617983441
36256882454584801
36341035624296001
36573212259220081
36594374250426721
36700321993104961
36891607470878161
36902422678601089
37040901254696641
37083639724334641
37105022822942881
37147816761060721
37340847735315601
37362341962841281
37405358254813201
37469952325121761
37556207844766081
37664236562163121
37685870241423121
38011495109306161
38055070652713921
38383082582488081
38405025175944001
38514879296830561
38536878370550641
38735294382491281
38779490677657921
38978842211221201
39045463205364001
39201244284427681
39312801539742721
39335141531530321
39379850077457761
39603964757487601
40009780197753601
40077718114028401
40123058100293281
40191140197152961
40350335351897041
40395906418554241
40624341031026481
40738920965644801
40899739857659281
40909917857572009
41153416649576401
41222805562068001
41245954687182001
41594362901135521
41734342404442801
41851261628004481
42062335098463681
42085836891492241
42132870021659041
42297796479246961
42368627270015281
42415897193342401
42629101506721921
42843108568521361
42866936770709041
43010114780217601
43081838135599201
43129703516040241
43225553920968721
43273538989739041
43369628970645121
43441801406526961
43483867145012449
43562288926524481
43586416474507201
43731392303311441
43949533784556481
44071075564316641
44241657355066081
44437213799452321
44608856859031921
44657988933248161
44731763128324801
44805628690906801
44830270862023201
44904258365250001
44953634220243841
44978337411978961
45325252257192961
45350108441011201
45699169586396881
45774229799858641
45799270406384881
45848500718449031
45849382439346721
45924627580703041
45949729863572161
46100559732947281
46150918774867201
46191379685396401
46302243472152721
46479258947259121
46682183304481201
46860286540472161
46911266653027921
46987814801359441
47090024679574321
47124508325403601
47166791447530561
47218021411120561
47294944590532081
47371961718718081
47449072872142561
47552034137075521
47603577560718481
47706790103783281
47758459268593921
47939631922561681
48147317020650961
48251412256285681
48329594382725041
48381768557190721
48538544563993201
48643273365944401
48853239304680721
48879532759039921
49011159270698881
49116651739227361
49169461789418161
49248756698930881
49593476793173041
49673283900751681
49806509744985841
49913283225270481
49966734296824801
50018670786022849
50046991382998801
50207795563463521
50395889855303521
50800728281848561
50827803952550625
50854890444863521
51044799138383521
51185893014090757
51344301090510481
51453536982705841
51617717519418241
51672531577133041
51754834504678321
51864724632834961
52002333272120401
52085029783659601
52278371858018881
52416802529959921
52499992783455361
52527744860441041
52599132235830049
52666670319824401
52833744418758241
53001215708765041
53059462610881609
53197101725010961
53281218880908001
53365435754179201
53618685466153921
53759768630217841
53844552057515521
53957752574662561
54213106288600561
54269974421170561
54355360492654321
54383844894240481
54469365273319441
54612123328832161
54640708579897441
54783803196478801
54898481099454001
54984607605744961
55070835410841121
55171016309022769
55214773743454081
55243595235072721
55503496698423601
55648282057052161
55677273086423041
55851457213898641
55909609308632641
55996922580882721
56113499310860161
56252767574402281
56259476079021601
56435023943603761
56640348662844241
56816786762523841
56875690962090001
56993636753026801
57141326846035441
57230078566591921
57318933633685441
57615864612236401
57675388971826081
57884087504036641
58123293074377441
58333205437427761
58483490572627201
58603927607115361
58754735371725121
58871586708267913
58936088673888721
58966354991752321
59239276724222401
59330460817245601
59513144761891921
59604644775390625
59665703373140881
59849160656456161
59879777952495601
59941047784874881
59971700327222401
60155862536820241
60248102534002321
60309654769618081
60432900719143681
60494594481207121
61176347927883841
61238609965138321
61269758799689521
61332092115742561
61363276603286641
61519377457062001
61707091395992641
61801109293727521
61895234585925841
62115278372138161
62178255646973761
62272811334853681
62367474826266481
62462246203119361
62588776002345121
62683799430594241
63121332085847281
63256214205110161
63543887277398641
63607947646357921
63704129001639361
63736213679423041
63928976332923601
64025521459957201
64122175897097761
64218939726822721
64283509761041041
64509888396744961
64866833607881761
65062154215811281
65094750484819441
65388668369350561
65552385536064001
65650763285954401
66078347005153921
66474890326908001
66541153996629841
66574304402760961
66640642372983121
66673829943243121
66740242269486241
66973076185481761
67039711913118961
67139758723601281
67239917471078881
67373636736191041
67641673500656641
67675234241018881
67843225308917041
67876861017398161
68586104448681121
68653940115822961
68687876813205841
68755787951136001
69164312893405921
69266727949261441
69366243661827841
69369256701354481
69403458232420321
69711841428060001
69780510354880081
70021251172553521
70124616269259841
70608500682205201
70675003317157849
70920888803877121
71164573066738321
71269201188852241
71443837718619601
71653824975947041
71688867804477361
71794073413993921
72004831973539921
72057594037927936
72533758488288241
72639892491016321
72710713171876081
72817041274776241
72923485951293121
73172310683508481
73243520274430801
73279144554061681
73354318058640529
73707650318757841
73779250240936321
73886747916526561
73994363018864401
74462054146324321
74642524383881281
74968197258697681
75076991335272481
75222234248091841
75331304652009121
75440493625020241
75988220034032881
76061474925417601
76281557414527921
76502117162005921
76538923568442721
76612576223073361
76833853151018401
76870779188151601
76981637162011201
77055609061944241
77277844646567041
77531660905535929
77612098923849361
77649305106750001
77761003921273201
77835536717863681
78321306716832481
78546273523288561
78658938492316081
78884631995974561
78959970981352561
79413138779750161
79792266297612001
79868254403697841
80096544391662241
80210872734688081
80249009366718721
80478114820849201
81014601796070881
81168375242210881
81245344003704721
81360899766899041
81592381049727601
81631009232765281
81905390937410041
81979280406298081
82095618061242241
82173245258055121
82289789258556961
82406457183432001
82796246403470161
83109072064446481
83148237507718321
83265816896632561
83383520942678401
83408201528457961
83737381904522641
83855585460167521
83934457323942481
84052869424975441
84092367953159281
84171406770901921
84329651543453761
84448481470843681
84567436937526481
85044515965397041
85363688137081201
85483609010391601
85643700000003601
85844129823072721
85964556453842641
86246044650279361
86689779231300961
86730203469006241
86851561011280321
87175803784629121
87297628576281841
87338265200091361
87582382953217681
87663869144560801
87704633556401761
88055199122167369
88153981015984321
88317807407300641
88687251600794401
89388251692499761
89429615991526801
89553795027670801
89927108164923121
90010224890395681
90135007993055041
90259920792886321
90426673099098961
90635438273954401
90802710507284161
91179919505696641
91305916611978721
91389987197757361
91432044255137041
91516201915569601
91684691512629601
92022368559868321
92064643679676721
92318600364537121
92573082084546001
92700520058695201
92915974333361089
93083623523095921
93168918630977281
93296971186089841
93425155693673521
93553472244344641
93596273786476561
93724766535610081
93982148888536561
94197038817760321
94627923992143441
94887163629835201
95151694449171437
95277021355797121
95363819297088241
95494127389180081
95537593081416721
95885853013139281
95929452354489601
96147672130688161
96279097826745289
96453805027076641
96541405684454641
97200314037583201
97244360854158961
97464819529860721
97729864492653121
97774091153103121
98305982755546801
98439294047636161
98795453716788481
98973895536166561
99197287605208081
99242011359054001
99510671548640641
100004631514837921
100139666443087441
100184708460341761
100545591831384001
100998066076121041
101224875028127761
101270282619666241
101513598260088169
101543049064556401
101816366150859361
102227375853085921
102456251563070161
102731409472073281
102869196075462961
102915155728974241
103145185044142081
103191237140777041
103329485959819681
103560209295213841
103745065984746481
103976484734914801
104022814904513761
104301121148699281
104440483500255841
104533469290282321
104673064377844561
104719627128182641
105279592694212561
105935720829137761
105982704183922801
106076717776135681
106123748020492801
106359133863405361
106406257980477841
106783814881529041
107067641244510241
107257172896985281
107779682515981921
107827277870750881
107970158519720641
108065491141051921
108113181118764721
108351867817065601
108495269409212401
108859988535875641
108974302929978721
109262483398635121
109503070081575361
109695825315367201
109985435169151441
110130454951909921
110275618097797441
110420924701266481
110517875515559521
110954944467198001
111003587581096081
111100921789166401
111393308507962321
111832970193668161
111881901704725441
112175828057413201
112323008218770001
112421208755583841
112470333163308961
112863908232922081
113159766716382961
113456206485746881
113802788579262721
113901957715436881
114100490412344881
114548137832252881
114647793647433601
114947151269567761
115297142342640241
115447382925189121
115597770290751841
115698110127774001
115898985753238801
116049814041400801
116150447986207441
116654599806064321
116957877596120401
117211060483498081
117566206825145521
117667825279008481
117718659202137841
118125923765419441
118176906036479761
118483146306288481
118661028367354201
119251350921196321
119354059728011761
119508247318723201
119851595982618319
120126492068250721
120643525773897361
121266167268192241
121526311264150081
121734727635211681
122047854686817361
122309255010214801
122623489406024161
122780833469723521
123095975813830321
123411724427402401
123569826328050001
123780865103852401
124097929967680321
124203753490929841
124574668878974161
124733886669568801
124840116619729681
124999588751790481
125959632388542241
126495373596458161
126763884165583921
127021550911887241
127571981167184401
127896299371098241
127950412465061761
128058690165646321
128112854779530721
128872964987238481
129199759810829761
129581805518623441
129745798502358481
130348438166076001
130568099501410561
130678034221000561
131173599791039521
131339101105502161
131504758979950801
131621703842267136
131725879854241201
132224421315351121
132335400207690241
132501999515914081
132557567558562721
132724376557517761
133672603258994881
134176657766345041
134232751686050161
134682136453441201
134850946296683761
135358328059599121
135414792060525121
136093738870504801
136207144406875441
136263873745718161
136434168089141521
136775235579112321
136946008924984561
137288035317048001
137573546368264561
137802275652509521
137974009696263841
138157142546011681
138432751917001441
138777558563017201
139007787238425361
139295975774985121
139353667211683681
139700192249182321
140859944799770641
141034528474100881
141092759079631921
141267559090581361
141384182630396161
141734486533535281
142143996701572321
142261162423408081
142319772439079041
142437046798572241
142495711149853681
142613094214137121
142848077894055361
143024506128984481
143318916295372801
143495780424440161
143672808198725521
143731853839865281
143909099964753841
144086509970369521
144115188075855872
144264083957696641
144619724281578001
144797790820256401
145511701846121521
145809942580163761
145869645698464801
146168436353796481
146347930933179361
146707415983969681
146887406658227041
147067562900344321
147488571910523281
147640825624179889
147669280778756881
147850155654920161
149424706949316241
150033639814581121
150094635296999121
150216682054164961
150522124578732481
150583268936461201
150889270197191761
151134406799287921
151441247441211841
151810072673990641
152179571184204001
152241219784258081
152426277971722561
152549743790716561
152982464907613441
153478129856596801
153726413520319201
154099403686590961
154286153094003121
154972353464808961
155034848616133201
155104303499468569
155347607945108881
155598155923781041
155786265701940721
156477461141327041
156540410938838161
157234112977049761
157423703927766721
157676758507038241
157993505611992961
158374231794685201
158755645656793441
158819281549634161
159137748025891441
159329057659314481
159712194341686561
159776117572562401
159904021597840081
160352290506494641
160673059141074481
160737270573639841
160930020351827281
161509309910719681
161638253018845201
162025545619512961
162284127058291681
162867066860262241
162879576091729561
163256564928140401
163451575734519601
163646761194807361
163776981916428721
163972458698246641
164168110412042881
164625311954721601
164756116188788881
164821547528804401
165214544934378241
165608244713105041
165739634200146241
165936865000473121
166529613680320801
167123948976977521
167521055358676321
167587308494255521
168118041304044001
168241403464173649
168377826559400929
168516917406950641
168783228844834321
169383583576892161
169717805226667681
170589096345900241
170723438296451041
170925099979330321
171194260066950961
171396338652167281
171598596085562881
171733533786687601
171801032472632161
172138824412537921
172815902407565041
172951557331053601
173155189440878401
173426978571031201
173562993056784241
174244265946429121
174585653512539361
174653991178230001
174859124550883201
174887470365513049
175818803876085841
175887503222292481
176024962310717521
176851409581628401
176920411301284561
177334845741096481
177750007861519921
178096532776492801
178304690774482801
178374117305647201
178791102353106961
179407098289692001
179836763485579201
180046444882077601
180466357699049041
181027383501050641
181449010495559041
181519353200876161
182294473560665761
182789022764112241
182930507173545121
183355453243662001
183852158908462801
183994259985961441
184207566032539921
184278709245395521
184706001372958321
185134036150658401
185276879591884081
185348332302042001
185491299721366081
185705905907638561
186135676880982481
186207377834265841
186781731457915441
186940255267540403
187429466360700001
187501540755699361
188180785490436649
188947398758001601
189237570838773601
189818917529972641
190037267489234881
190328693733699361
190693447737482881
190766461404776401
190912551637997281
191570996309674081
191864184446887681
192231142713441841
192525088116222481
192966638139461761
193113990121022161
193778118629974321
193852016281391521
194226256916188561
194518046646084001
194888804277818641
194963019358576561
195111513106775521
195185791782286321
195334412756307841
195631909309367521
196675823989953361
196750548846249841
196974851178243121
197798934246138241
198249522495344401
198475105088691601
199002213111482881
199681465331297041
199832646105549601
200059578206600401
200362454932585201
200589838062659761
200817414673686721
201197139281101681
201501306489882961
201653519358027361
201729658122276001
202415877638323441
202797866355767281
203027318944209841
203793567350830081
204638943511270321
204947004151711441
205178277783955921
206337583372872961
206492527813131121
206570032749057121
206725108072968241
206803573429178881
207424027800234961
207657394393859281
208827182475824641
208905343673612881
209061731890170721
209374771722164161
209609782199528881
209766565723845601
210001905901603201
210473180272620721
211024002396033121
212366214252103921
212920746643756321
213158735532586561
213317505590812561
213342295426266889
213396923872004401
213635311773414001
213794347963822081
214351673964101521
214511109910140481
214590861228141841
214830248611661281
215950039038654001
216030191228211361
216190562541294961
216431286907941121
216752565378491041
217154666310047761
217235153583576241
217637925615273601
217718547183446401
218121991061573041
218202747073689361
218364326367606721
219579033209426881
219660193449998401
220147627467564241
220635872260907041
221043362912895121
221778268177426801
222269222049188161
222843031285875841
223253574713014561
223335751421342641
223829288182212001
224076363078968401
224488609061639521
224736229527933841
225314807237810161
225811619523352801
225977406049314481
226558377870657121
226724575380793681
227473596007170241
227556934931376961
227973973097372401
228308016135806161
228475175249211361
228809768832290881
229228527450541921
229731796223295601
230488252609470241
231246575593243681
231584207987616961
231837674809572001
232599323766241441
233277919145583841
233872907159854561
234128250133624081
234383802138376081
234810186969364561
235408102748635441
235579145366531521
235835884035338161
235921510206385441
236435756984053201
236950843995888961
237122726543295121
237380725677894241
237601071128220409
237638935290382081
238155986406822961
238242243554221201
238933144527710161
239019612687335041
239538914601182641
239798882649554881
239972312200956721
240580056536972881
240840871462757281
241014865854157201
241101898394880961
241624588737604081
242410217171661841
242585061120504001
242935032749128801
244162916205090481
244954723949722081
245483664634012561
246013461478548481
246101844255267841
246278681249443441
246367135475453281
246544115406703921
246898361305919761
247430445760068481
247607998209858001
249210273654703201
249478073691795601
250282768913070721
250372299503809921
250909987573723921
251358722126048161
251628251604620881
252167960784684961
253249983288981121
253611430065507361
253882768946460481
254154325498309681
254879541357233521
255424470920320321
255515377395413521
256243503037410001
256300780296434329
256334628037590001
256790617657304641
257704421719613521
258162237243215761
258253873496548801
258528928631674801
259355412426321121
259539344274901681
259631346877428241
261476540861277361
261754165902343921
261846756692348881
262588367611545361
262681179616511041
262866877434291601
263238568422975601
264076314266040721
264542591744635681
265102939476753361
265383446927208481
265476998859649201
265945129585139761
266320079703043921
266507703370433281
266789324730207841
267353236973018641
267447309187792561
267918042699216001
268766928633424321
269144858078809441
269428566618577921
269617830213422161
270281038127131201
270565644320244001
270755506613241841
271040487386709121
272755099192832881
273041656792922161
273137226150353041
273615449315534881
273902684475122641
275053887202551601
275342253999961201
276015991613362081
276787490617428961
277077219298800001
277947770198965441
278044624547798161
278529276035695441
279500479494446401
279987032568484081
280343912229566641
280376732176466641
280669273738079521
280864428586206481
281157351657367441
281255043578495281
281743885113661441
281841729837557761
282429333470574481
282625405374312001
282723479600985361
282919704626076961
283312461087223681
283803981549618721
284099200645565761
284528074768416361
284690329737567601
285578752421784721
286271184132871921
286865698571205601
287659824343596961
288057504950392321
288230376151711744
288356035891709041
289153252846737841
289552480646454481
289752249501532801
289852172683465681
290152097300297761
291053267832873841
292258091962218001
293164161840142321
293668443416009281
294274439744603761
294375530241694801
294577789369543681
295286517190203841
295793533758259681
296098056931847041
296402815177774321
296707808616984241
297624201304203601
298236307947445921
298338417441656881
299770705269266401
300694181000980321
301413913716321121
302238046634952481
302857254517751761
303580865691829441
304824357818962081
305447534462032561
306237903347050921
306592506074777521
306905328944756161
307009656411799441
307531692778270801
307949800980198001
308159014883559841
308263661801670961
308473035593373121
309206683872000721
309836566145863201
310151867917665601
310362202750388881
310677905567384161
310741323596082289
311415482091884641
311626459249646641
311731988019188881
311943125962278721
313530081177629761
313848197409276721
313954289928370081
314272728874908241
314803998689412961
314910333428775841
315868558753378801
316508589398903521
317684504533876561
317791568145542401
318005776550560081
318327292180690081
318756358854584641
319078443394943521
319400771959269841
319913861015774089
320261508740743441
320908202086735201
321555874323342961
321880077834147121
322312730458913041
322529220258066721
322637506045348321
323939063438289601
324584056305938521
324591316893763921
324808953439376641
325135613440502881
325571543308935361
325898778270951601
326226259851164401
326772610861758961
326881963361718241
327210185539906321
327867371361955681
329404654514746801
330175320155363281
330506019056247841
330726622957666321
331389097311074401
331831299456096001
332163241376930401
332827872274594321
333049637392311841
333382492838051281
334160125780090801
334493813156068801
335161937580021841
335719472080867681
336054326486321041
336389431323010321
336836627547390961
337172317209137281
337508257718342881
337732357479207601
337844449199942161
338068716345159361
338517585580214881
339191727350052721
339416664866163361
340204827299181601
341220195005394721
341785269315169681
341898368344419121
342804171365946481
343144311083173681
344279938495405441
344621175709002481
345190468023032641
345646409471506081
345874549497222001
347589201502775521
348796216188498961
349655190163287121
350345895295858081
350356403707485209
350806933546205761
352077135101096161
352771424462900881
352887239112110641
353234854162880881
353814783205469041
353930854649816161
354860454621319201
355209526277495761
355558855403328721
355675355682628081
356725146951207841
356958749135142001
358479961122905521
358714424565097441
359183696469448321
360241241601402001
360829774792948561
361301120315057521
361890951422965441
362245196556511921
363072779893033681
363309492508063201
364494792262189681
365801969275291201
366874090261145041
367590145687352641
368068097948917921
369145194573386401
369744602089170961
370464854337214081
370825374807840241
371186158346739121
371667612503721361
372029010366192481
372752596703771761
374202935415821521
375172176394026001
376021805699656561
376264821763595521
377116305704357521
377847298611736801
378213193322140801
378823608293763361
379557081242725681
380781902421228961
381149926140281281
381395423447984401
381886773823154161
382994047892186641
383733567138707041
384844853389105201
385207014600327529
385463276618758321
385587050648946721
385834688131853041
387074665241256001
387695773372579681
388566580157485921
388815651311807281
389189482533579841
389314152824094481
389937953616914641
391438133969728561
392566106730023521
392691587344885921
392942638817174161
394199702279856001
395207522680098241
396090949657589761
396173052347920849
396722875105829281
397608840664907041
397988994098688721
398242581120458881
398623188848444641
399893851869248881
400275642455681281
400912567530611761
401295087246630721
401422654626136081
401752865442768841
402188697720213121
402572130152889841
404493406396157521
405135357398958481
405649468110256561
406035372127484401
406292794394398081
406679157274852081
407194736348570641
409779989048641201
409909573991592481
410168836077174001
410298513229521361
411077221983547681
412247362778736241
412507732951987201
412898519440383601
413109111924508609
413419999922547601
414072544977426721
414464442618578641
415641804769700161
416821673525832961
416952924937404241
417741084462287041
418793701343283841
419320755135936481
419716371828433681
419980271767204801
420376354988768161
420772718303741521
420904901674529281
424352614134813841
425284452321980161
425550973454267761
426885458647407841
427955304595019041
428089176590428081
428357014803232321
428759007751080241
428893068254316961
429563842396262401
429698091584204881
430101027955616161
430907750775080881
431715607915374721
432119962187939041
432389689460775601
433334729410159201
434010705772522321
434416671016379041
434822920992703681
435771945644802001
436450770885235681
437402458218799921
437893890380859375
438492005713169521
439037542142044561
439447028396344081
440266860167218561
440540392165444561
441087838511202481
442595946926764801
443007919545736801
443145307641943201
444383238996219121
445899786328512961
446314062967973281
446452219308981601
447697070222652721
448112598452312641
449222087894183041
450194580074537281
450890183436977761
451307932189182721
452144300473731121
452283808124799121
452702524783821841
452981830694484001
453540830226268801
454800470718659521
454985504099933689
455641687502794321
456765124501192081
456905700055896001
457186948506808081
458172340695035521
458454173659338481
459018229633163281
459865289306609761
460713520795098481
462839233297306321
463975949863155601
464545092679551601
464829860361431041
464972293288335361
465399788473069921
466969793266238161
467579487356261281
467827831935989281
468400514269122241
469117106372980081
469547456109738241
469978101868161121
470409043783965841
471415727406589681
471847657494245761
473145228775869841
473867257072468561
473984589097059769
474734781478020001
474879484603230001
475603496492894641
475748398158838561
476038300819073521
477925898904778801
478216796084419681
479090284430037361
479673274403391121
479964968834191681
481279240437612241
481864226722319281
482596209313719601
483622385581388881
484797161397465361
485238253638021601
485679646805654401
486268639374463201
487005633239536321
487014306255994609
487448231484155041
488038831674213121
488482133892270961
489369644259259201
490110159590699761
491593711172028481
492336748692428641
492931784918638081
493229505213606001
494123475314410561
496064579023627441
497411766302514001
497711513507331841
498311414318121121
498611568005700241
499963937940600961
500415338653367281
502676928930242641
503130165293922721
503734957130180161
504188908699886881
505856023230984721
506767099099329121
506919064642635121
507223098259848961
507679405089030001
508136019725233201
508288293029446801
509050172972305441
509202651681128161
509507711860051921
509965559108575441
510423714856392481
510576502018342321
511035069314074561
511116753300641401
512719125935134561
514100083445737441
514561021925569921
515945697237547201
516870365394906961
517487500944013681
518414240257792321
518878076411550241
519651828255177601
520581472380449041
520736534252151361
521978276619770881
522133650417361921
522911039772026161
523066621752435601
523845052485845281
525248416924738081
525716831060562241
527280474495174481
527593621273672801
527750246957995681
527907886932144601
528220333253357761
529946670273358321
530418222968752561
530890090288958401
531441000000000000
532307581397762641
532780708616687521
533885898632351521
534834572116174801
536101436087049361
536259952181793841
536735711388555121
537211787088234241
537529346786717041
538641914548242961
539596917893066881
539915534361723601
540074895498290161
541510733731508641
542789436158517601
545674795777237681
546639133754931361
547121781772422481
548249203380667441
549055570656431281
550509272924060641
550670973399670561
551641924445068081
552127881183592561
553100757798768481
553587677958103441
553912469957267521
554074919540443921
555375802903630801
556728843703025449
557821131869326081
558474581161241761
558545864083284007
560438373992711041
560930130360330721
563393768250080881
564216781433035201
564381492213264961
565865512574028241
566195691924177121
566691231848082961
567683287452655201
568345381095148801
570169125018984481
570335137283140321
570833391595858561
571623746239596961
572663117617696561
574163435003161441
574330318720997281
575165283064903441
575332385121635761
576168441635875201
578682079039056721
578849946781528321
581203932128717041
581709290202318721
582889740622009921
584241025721978881
584748362858951281
586441873282115041
587799327953079841
587969175334173361
588478938334668481
588818964435850801
591544480711865521
591885834318286561
592056566511398641
592398141704054401
592910781589014001
593081735464236001
594108235181020561
594450697677551521
594964668997941841
595478973537011281
596508582847181761
596680314120820801
597195730428928801
597539526760362481
598055499553311361
598743982986969121
599260735531410241
599605423007441041
601331091347357281
601676671506596401
602411242538130481
604446677862732721
604967116961135041
605314263022263601
606009003326571601
607400277863314321
607574355465654721
609491679633669361
609666206564940001
610015372869666481
610539403512703681
611238636142585441
611763454632241921
613164622905827521
614392618332976081
614743812704112001
616326050912338321
617030247421027441
617382571881515521
619146457967677201
619676360048172001
620737184559675121
621799370508438721
622330974385625761
623217738243905281
623395204673547601
624283105408406161
624460799310479041
625527759461990641
628022650034397601
629094170325575761
630704020948275121
630883083768057121
632496365443552801
633393968886391441
634112739231665521
635012062220826481
639342135543835441
639523034498789281
639884947571191921
640428105167485441
641152853101003681
642059652836490001
642241128147069361
642827257939177921
643149081816309121
645878719696971601
646061003960198401
649348723394289361
649897894177677601
650813952805307281
651364052614980961
651547496689776241
653200237537057681
653567939874669121
654119784431511841
654856120697412481
656330658048932161
657622919694741841
659102125762400401
659657470873386001
660954640871986561
661325612001665521
663182810597816161
663554719213319761
664112875402201681
664299005691250801
665230244078823361
665416609183179841
666349022140765681
666535622257836241
667095657758896081
668216787429168961
668777881894751281
669339329644928881
669713824487481601
670838251942159921
671025794085812881
671588656457306641
671964094710373921
673091353979259601
673655515172570401
674408281676875201
674784901419432241
674973270432569761
675538614105456721
676764462319244209
677236776113472961
678181581740160481
678748939418359681
679505969983753441
680642702965111441
681211603988304481
683300626053240001
683490775106230081
684061460386966561
685203902993334481
686920249252123441
687302096999848801
688639817910876001
689213724249282961
689596527711021121
691512937513259761
692088638553985201
693625598747618161
694284933049739641
694395038101008721
694779997746998881
695550397199282881
696707197443794161
697672299387375601
698445102580338961
699605510932426081
700186257036426241
700767364625643121
702318753265249201
703483984087309441
705234548211918481
708159412810570561
708940910863991521
709331902360470481
709527458745651841
709918692817759441
710505847263877921
713054392962081361
713342911662882601
713447084595204961
714822782726981041
717185749864976401
719356945023458641
719949943778846881
720147691479055921
720741179003223361
721273330206403129
721731139957616881
722325605824913281
723714120937504321
724309811244917041
724905869211949681
726099088729899361
727094563067956801
727692338780224801
727891679236193761
729088582159319281
730087128314752321
731286737213996401
732087297352242001
733890960794758321
735697954987400161
736703281371295681
737306971545624481
738112468827747841
739725443198639041
740330989610662321
740936907726240241
741745377015395281
743364300266121361
745391679310554721
745797652234701361
746000700872849041
747016566050042401
747219863522277601
748236973377900241
749130369924173329
749458875437759041
750070387373413681
750886318643706961
751498703811282001
752520178047265681
754566250151437441
755590849433849521
757437757221618001
760111487796625441
760231058654565217
760523458377761521
761141728212428161
764238733823685121
764445536348229121
764859267305904241
765687233014584721
766308648294143761
767552613512841601
768798092633765041
770669152567724881
771085407037566721
771918421816832161
774212692767557761
774839289640692721
775048239761434081
776302828096479121
779865767191807921
780495792015379441
782388157022380561
783651644015338081
784283961070882561
784494818432528641
787451288110399441
787662783788549761
788932652661378481
790628198904363121
792114042482236321
792538953616271761
794027488939004401
795305044389915361
795731238596460721
796370851054184641
797010849027038881
797224267381453921
799006685782884121
801073132033018321
801501642274270081
802144729946358241
802359178476091681
804291150742650481
805581069132305761
808165560010523521
808812653240294641
811188653559734641
811404912863668561
813136544327387281
813244863240810000
815087941063639681
816390822057597361
817633815294109969
817695264374731681
819654858059022241
819872807897094961
820526918209289281
821181419839790881
821836312944638161
822273125910687361
822928671819613921
824459803229340721
824897661514635361
825116656047581041
827528474865618241
828406809432810721
829725622042203121
830385618527190961
831486487550898481
832147534149421681
833029542653839441
834353869821013441
836343320475922561
837671596010392081
838137706742929321
838336326777340561
839445090449194321
839666975094900481
842110610420890801
843668425616034001
844336721913564961
845005415166381121
845451431276580241
847460689139790961
848131236929087281
850369270444686721
852836219962325041
853060753949120161
854408889075923281
857109952381824241
857560751466069121
859591548304843201
861625949870371921
861852217187921521
864344100012568561
864570902451656401
865024641230206081
866386929190444561
867296014652969521
868660984017665281
869695819144977889
869799688700731441
871395755604384481
871852177897602001
872080456269855361
874136979445679041
875968051599859201
880328376683101921
881018334230841361
881708697264915601
882399465944162401
883782220873680241
884935757522278081
885628421313432241
887014968692307841
887940237675144481
888634664313775681
889097841638182801
889792947090680161
891416444812863841
894902848756316401
895601354914384561
896766440430945841
897699326997341521
900268518173886481
900970162760859361
901906326763125121
902237984319995569
903311940434872081
904484539671054241
904719196444932961
905893165273208401
906128096072096881
906833162641850161
908009187857215921
908244530093486881
909421927566817921
910836315159747601
912960989132586241
915326095213551121
916036522263924961
916510369991121361
917458616924041201
919594862718997921
920070090182471281
920783276705571841
921496877764871521
925071106726456561
925787198376646321
927459695631373921
928177173443869441
929613377821489201
931051248275580961
931770808683783121
932971002781786081
933211180667730721
934412765757378961
938024483893922881
938265636790394641
940196534276057041
941163099849800881
941646662011809601
941888512957529281
942614345325324961
944794359604398241
945279320287167121
945521870627901121
946249801719345841
946735322564556001
947200518061237441
949895763855173521
950382686993281441
951357094845880321
952088392303528561
953308158199750081
953552251953000001
954040580081500081
954773423919256561
955751205692333521
956240378110944481
956974488789031441
960651384487806001
962125105539417121
962370890467411681
963108527804903041
963846589098958321
